Richard Mack
2.6 6.5 7.0 6.5 5.5 8.0 3.5 6.5 7.5 7.5
3.4 6.5 7.5 8.0 8.0 9.0 8.5 8.5 8.5 9.0
3.0 9.0 9.5 9.5 9.5 8.5 8.0 8.5 8.5 8.0
George Wertime
3.6 7.0 5.5 5.5 4.0 4.5 4.5 6.0 5.5 5.5
3.8 7.5 7.5 8.5 8.0 8.0 5.5 5.5 8.5 7.5
3.2 9.5 9.5 8.0 8.5 8.5 8.0 8.0 8.5 9.5
Adam Clute
3.9 7.0 7.5 7.5 7.5 8.0 8.0 8.0 8.5 8.0
3.5 9.5 9.5 10.0 9.0 9.0 9.5 9.0 9.5 10.0
3.7 7.5 7.0 6.5 6.5 6.5 6.0 5.0 6.5 7.0
Christopher Culver
2.9 9.0 9.5 9.5 9.5 9.5 9.5 9.5 10.0 10.0 
3.1 8.5 8.5 8.0 8.5 7.5 7.0 7.5 8.5 9.0
3.3 7.5 7.5 5.5 5.5 7.5 5.0 6.0 6.0 6.5
John Turcott
1.9 8.0 8.0 8.0 8.5 8.5 7.5 7.5 7.0 7.5
2.2 5.5 4.5 3.5 3.0 3.5 3.0 4.0 4.5 2.5
2.5 5.5 5.5 5.0 6.5 4.0 4.5 3.5 3.5 5.5
Luke Musto
2.9 6.0 5.5 5.5 5.5 4.5 4.0 5.0 5.0 5.5
2.7 7.5 7.5 8.0 6.5 8.5 8.0 8.0 8.5 7.5
2.5 6.5 7.5 7.0 6.0 5.5 6.0 6.5 7.5 8.0
Jason Willard
2.2 5.0 5.0 4.0 4.5 3.0 3.5 3.5 2.5 6.0
2.8 6.0 6.5 7.0 7.5 7.5 7.5 7.0 5.5 4.0
2.9 8.0 8.5 8.5 8.0 8.5 7.5 9.0 9.0 9.5
Thomas Allan
3.9 8.5 8.5 8.0 8.5 9.0 9.0 9.5 8.5 8.5
3.8 7.5 7.0 7.5 8.0 8.0 8.5 7.5 7.5 7.0
3.8 4.5 4.5 4.5 4.0 4.0 3.5 3.5 5.5 5.5
Donald Tucker
3.1 4.5 5.0 5.5 6.0 6.0 5.5 6.5 6.5 5.0
3.0 8.5 8.0 8.0 8.5 9.0 9.0 9.5 9.5 9.5
2.8 8.5 8.5 8.5 8.0 8.0 8.5 7.5 9.5 8.0
Frank Swan
3.4 7.5 7.5 8.5 8.5 8.0 9.0 9.0 8.5 8.0
3.2 6.0 6.0 6.5 6.0 7.0 7.0 7.5 6.5 6.0
3.0 6.0 6.5 6.5 6.5 7.0 7.0 6.0 6.0 7.5
James Mathews
2.8 9.0 8.0 7.5 7.5 7.0 8.5 8.5 8.5 9.0
2.7 9.0 9.0 9.5 9.5 8.0 8.5 7.0 7.5 6.0
3.1 7.5 7.0 6.5 6.5 6.5 7.0 8.0 5.5 5.5
Cory MacMurray
3.2 8.0 8.5 8.0 8.0 5.0 5.5 5.5 7.0 7.5
3.1 7.5 7.5 7.5 7.5 7.5 7.5 7.5 7.5 7.5
2.9 9.5 9.5 9.5 9.0 9.0 9.5 8.5 8.5 8.5
Jerry Smythe
2.5 9.0 9.0 8.5 8.5 8.0 8.5 8.0 8.5 9.0
2.8 8.5 8.0 8.0 8.5 7.5 6.0 6.5 6.0 6.5
2.5 7.0 7.0 7.5 7.5 8.5 8.0 8.0 8.5 8.0
Eric Tartino
2.0 8.5 8.0 8.0 8.0 8.5 8.5 9.0 9.0 7.5
2.4 7.0 6.5 6.0 6.0 6.5 5.5 5.0 6.5 7.0
2.6 8.0 8.0 8.0 8.5 8.5 7.5 7.0 7.5 7.0
Eric Jackson
3.7 9.0 9.0 9.5 9.5 8.5 6.0 8.0 9.5 9.5
3.6 8.5 8.5 9.0 9.0 10.0 5.0 8.5 9.0 9.0
3.8 8.0 8.0 7.5 8.0 8.0 6.5 8.0 8.5 8.5
Mark James
3.3 6.5 7.0 7.5 7.5 7.5 7.0 6.0 6.0 5.5
3.0 7.0 7.5 7.5 8.0 8.0 8.5 8.5 8.5 8.5
3.1 6.5 5.5 6.5 6.0 5.0 4.5 4.0 5.5 5.5
Christopher James
2.5 6.0 6.5 6.5 5.5 5.0 5.0 4.5 4.5 5.0
3.0 5.5 5.5 5.0 5.0 4.5 4.5 4.0 5.0 5.0
2.9 6.0 6.5 6.5 6.5 7.0 6.5 6.0 5.0 6.5
Frank Martin
3.3 6.5 6.5 6.0 6.0 5.5 5.0 6.5 4.0 4.5
3.0 7.0 7.5 7.0 8.0 8.0 8.5 7.5 8.5 8.5
3.5 8.5 8.5 9.0 8.0 10.0 5.0 8.5 9.0 9.0
Marc Adams
3.8 8.0 8.0 7.5 8.0 9.0 6.5 8.0 8.5 8.5
3.1 7.0 7.5 7.5 7.5 7.5 7.5 5.5 7.5 7.5
3.4 7.5 7.5 8.0 8.5 8.0 9.0 9.0 8.5 8.0
Robert Cooke
2.9 8.0 8.0 7.5 7.5 7.0 8.5 8.5 8.5 9.0
2.6 9.0 7.0 9.5 9.5 8.0 8.5 7.0 7.5 6.0
3.2 7.5 7.0 5.5 6.5 6.5 7.0 8.0 5.5 5.5
Harry Hunt
1.9 5.0 5.5 6.5 6.5 7.5 8.5 7.5 7.0 8.0 
2.1 8.5 8.5 8.0 8.5 7.5 7.0 7.5 8.5 8.0
2.3 7.5 7.5 5.5 5.5 7.5 5.0 6.0 6.0 5.5